Sum = 3.500000
Difference = 0.500000
Product = 3.000000
Division = 1.333333
